#1039
0.0004573374419308135
-0.0010669629564507813
-0.0012728114132897171
-0.00036649244155318535
0.0013696114643204835
0.002225657660975792
0.0009474262003827462
-0.0015875835820398493
-0.0030303800393724403
-0.00202591580866051
0.0003504506109927632
0.0018889779429435006
0.0016714766900012487
0.0007260735431714985
0.00036036778787931366
0.0005211658863648409
0.0002269428016739348
-0.0007905950813954243
-0.0016060960426789392
-0.0013600436301109261
-0.00040218518641097997
0.00024965260366880125
0.00027002679158356934
0.0002748937996749379
0.0007292699274952286
0.0011882740331418129
0.0009542195436564184
0.00012568931432044964
-0.000509199794590127
-0.0005408821925491485
-0.00039691063774823773
-0.0005792465879172112
-0.0008680820537000541
-0.0006731119816016711
0.00003315944600881402
0.0006120681902220728
0.0006289298973236135
0.00040034562538281474
0.000433547515009122
0.0006372111128746811
0.0004902634142246551
-0.00011354575776684318
-0.0006363302757353989
-0.0006342278507192117
-0.000353738198721487
-0.0003067607056324155
-0.00048454964210120237
-0.00039987041779133547
0.00012322173526341747
0.0006214054939335972
0.0006289986809347741
0.0003243651961533184
0.00021916075848654742
0.00037525726569531166
0.0003381490287315859
-0.00012192642332246577
-0.000599799994930268
-0.0006111494719334162
-0.00028173435942532865
-0.000131896481307194
-0.00028790075081889485
-0.00031513964989238414
0.00007931405877595054
0.0005495976563798887
0.0005871853109019437
0.00025623612732747703
0.00007678733068775217
0.0002348340255166516
0.00031745538122266104
-0.00002506949040478532
-0.0005017888378983243
-0.0005765573759432078
-0.00024793967012482155
-0.000034907051167242355
-0.00018769681369129273
-0.0003219834311883208
-0.00003291848918406599
0.0004474525645529146
0.0005602334740546766
0.00023933126792890705
-8.394823309920068e-7
0.00015295580943655554
0.00034509120036806123
0.00011174611403551773
-0.0003807702106849248
-0.0005505855048063673
-0.00025402604256427136
0.000011265108681845739
-0.00013218762888975172
-0.00037018100834984233
-0.00018787674426819256
0.0003186692658475376
0.000550503405126832
0.00028367550343363804
-0.000009215773808411494
0.00011360651300813467
0.00038874207885859974
0.0002565532835041782
-0.00026194116129060773
-0.0005568217399043268
-0.0003205162631061821
0.0000062767275709057665
-0.00008532306925798757
-0.0003945720611038603
-0.00032193673663880826
0.00019565038429557243
0.0005511448179827124
0.0003537877859806457
3.0864454314396236e-7
0.000059723715132649716
0.0004003699078514633
0.0003906838629863702
-0.00012153733297568561
-0.0005406994329529459
-0.00039090370812281603
-0.000013549641502176944
-0.00003353220799271565
-0.0003991644916004422
-0.0004567060902286791
0.00004094003290147395
0.0005232520931558322
0.0004295982866327799
0.00003304629337088386
0.00000914358741661333
0.0003953139152858704
0.0005250157906175506
0.00005033465182687785
-0.0004973817620732384
-0.0004744126821215153
-0.00007059177979979204
0.0000014974330328749173
-0.0003908898898870657
-0.000585184213316619
-0.000137366371106516
0.00047143970049540646
0.0005217388162277246
0.00011216261536467748
-0.00001537686494272502
0.0003761561044800327
0.0006419814592562797
0.0002364181059045017
-0.0004282029293370235
-0.0005635350388825811
-0.0001624182163236411
0.000018847430814970623
-0.0003631200188280503
-0.0006945574228378894
-0.00033493480199107696
0.00038192563723011424
0.0006063066084494919
0.00021845447342172167
-0.000024017849246390676
0.0003336158661465837
0.0007287323416177783
0.0004297256903474231
-0.00032593480154219964
-0.0006418788709628499
-0.00027590215060095566
0.000027945888475128844
-0.00029961597310531105
-0.0007592792597389886
-0.0005311109758579707
0.0002564914603043064
0.0006732311354838368
0.00034718828658070324
-0.000014153016954544368
0.00026659447913761916
0.0007767217079297251
0.0006243430966112464
-0.0001845680877596592
-0.0007009488926577953
-0.0004183871948177813
0.000003129116867154105
-0.0002204812917886814
-0.0007752934299207705
-0.0007107214097023588
0.00010110159122308154
0.0007144058195315557
0.000486125197065453
0.000009746585392520766
0.00016698162737031755
0.0007643763534108231
0.0007993613066525018
0.0000026980823366038074
-0.0007042742663725928
-0.0005485792538304092
-0.00002997390687178497
-0.00012235503469074422
-0.0007557034359394228
-0.0008958344797060256
-0.00012284130757884973
0.0006837809796314819
0.0006180413632026285
0.00006897450550038457
0.00008526056270224912
0.0007393657299345168
0.0009847038655502976
0.0002479289238386774
-0.0006547312029869765
-0.0006908825949415888
-0.00011979335614355223
-0.00005002020393126239
-0.0007094829816533619
-0.0010618721589249478
-0.0003785035707493927
0.0006112055893686401
0.0007593521550624892
0.00017836564031577907
0.000018126043474944008
0.0006697544775586704
0.0011294156569531116
0.0005156579606521323
-0.0005509567011030549
-0.0008192993730514669
-0.00024011003078205735
0.000013437775993653253
-0.0006202789142106261
-0.0011925480388609298
-0.0006694521733256377
0.0004637780048884788
0.0008700773516850686
0.0003197435620797862
-0.000021793808785884182
0.0005773619381164468
0.0012484490087075783
0.0008184046990486235
-0.0003773163562850482
-0.0009302619102784504
-0.0004174565919778743
0.000024307673306967776
-0.0005126290662682992
-0.0012716293835313924
-0.0009542794042195879
0.00027745532675688475
0.0009713041025152865
0.0005065646731612887
-0.000032842068328975834
0.00043275093559005874
0.0012802144420669811
0.0010977796320814825
-0.00014747742975367405
-0.0009868388359412453
-0.0005955700304329205
0.000027700999466578475
-0.00035671458619285104
-0.0012819576383584252
-0.001243134903271805
4.3668418748991624e-7
0.0009885545142079663
0.000688803942752393
-0.000011960635200057867
0.0002774514414289291
0.0012705034023570638
0.001389332728763304
0.000168347579891437
-0.0009708571867267204
-0.0007867402545204397
-0.000021131943593771554
-0.0001997620131356881
-0.0012410391229071911
-0.0015234411124319508
-0.0003485028266651813
0.0009336858410221595
0.000880638512901767
0.00006205229899679184
0.00011923704191589374
0.0011943636181455939
0.0016507570066385357
0.0005479913393721488
-0.0008707976370777426
-0.000971120965634027
-0.00011916248981357212
-0.00004643898370380374
-0.0011370462550425347
-0.0017713776799068196
-0.0007649551205068365
0.0007807445381485969
0.001055499356866074
0.00019501145577783378
-0.000010613096408567292
0.0010750191115591395
0.0018840749953655028
0.000992479874034466
-0.0006717767086421644
-0.0011404309614764783
-0.0002920018127984365
0.00005522174837414966
-0.0009989789419992661
-0.001976237369860215
-0.001220570262846009
0.0005463101570043592
0.0012194007636709984
0.00039832459025259385
-0.00010125303689228584
0.0008964166631011454
0.002043042715675376
0.0014595956238273955
-0.00037966714353583077
-0.0012704529998767509
-0.0005138210001245054
0.00012408889282014557
-0.0007997768179776901
-0.0021018183091167696
-0.0016997942457489899
0.0002035818770805741
0.001327812149256442
0.0006549055065355148
-0.0001352233051200649
0.0006738290902148833
0.0021133448877918176
0.001924663624625333
0.000003542907437047463
-0.0013438505582770868
-0.0007788671928774275
0.00014763543165705506
-0.000538529710137318
-0.0021150019288370806
-0.00216763287791445
-0.0002546137911566497
0.001331286615033451
0.0009183165796679104
-0.0001239038207893496
0.0004167877370549893
0.0021000441546063344
0.0023955345062150234
0.0005107707337288716
-0.0013140664766216191
-0.0010705427000910173
0.00009288311887359311
-0.0002653041543401472
-0.002037887844099033
-0.0026146847896745228
-0.0008163255722593441
0.0012354912534976712
0.0012078298291106197
-0.00003116906969216868
0.00014045276871768405
0.0019697195377269333
0.002818469896803366
0.001125508138721631
-0.001144301467910009
-0.0013435943014114327
-0.000029245423660818797
0.00000926010793542389
-0.0018665304154465707
-0.0030261417549602636
-0.0014948564397436281
0.0009897437634923296
0.0014781450423726665
0.00014504723192887875
-0.00011461239295556549
0.0017544909413607528
0.003200389512128257
0.0018538185455290292
-0.0008220749580857302
-0.0016075728797834542
-0.00026638969925848994
0.0002358537836867437
-0.0015992162107943046
-0.0033511531125944858
-0.002246569936179656
0.0005907437608412265
0.0017073225577130128
0.0004070201676509727
-0.0003358682242897671
0.0014350712896771623
0.0034888694882937916
0.002662613017331642
-0.00031825954062936207
-0.0018005992773373989
-0.0005842200204125901
0.0004089775033989128
-0.0012484321567120863
-0.003588173681460211
-0.003077813387676381
0.000013536984566671783
0.0018807107250770675
0.0007808611715714438
-0.00048085169379197387
0.0010091957185541644
0.003627506447234247
0.003501938912667187
0.0003716690841034351
-0.001884611716976853
-0.0009617197661801333
0.0005304410487870626
-0.0007852635078217299
-0.003679785374086529
-0.003968556055404137
-0.000812721469208379
0.0018813222072108146
0.0012010199008788665
-0.0005236730552770555
0.0005472542255424142
0.0036719848441148463
0.004409809940511255
0.0012871564468899307
-0.0018413568079273582
-0.0014424112758898223
0.0005120211983951889
-0.0002679985631426654
-0.003607318021643859
-0.0048574266667263015
-0.0018437081383833218
0.0017244708197827017
0.0016770553951861431
-0.0004711486486375838
-0.00001490869508056171
0.003513038718317011
0.005320148068906878
0.002476395015810752
-0.001545975915350277
-0.00192682030555146
0.00038190834461865927
0.00029882154296675717
-0.0033748420602713837
-0.005783428490433877
-0.003186908585382132
0.001292127529829575
0.0021835221981388393
-0.0002372166688304635
-0.0005697203798299689
0.003199067215226959
0.00624114117472774
0.003963035160085352
-0.0009735557782393419
-0.0024516971307320815
0.00004545151264680108
0.0008539624751535093
-0.002951475193227803
-0.006677702893787366
-0.004824017255463478
0.0005502285548663172
0.0026988600033746994
0.0001823408864583205
-0.0011481053742312443
0.00264290441003196
0.007114713985269828
0.005803828348405283
0.000009039996509753464
-0.002918631567798432
-0.0004653223334250322
0.0014284687668019663
-0.002287190133008562
-0.007563884515340132
-0.0069200409280692175
-0.0007138931483034295
0.003125580095884586
0.0008316837282544251
-0.001684074792042632
0.0018682122108791774
0.008008075582832987
0.00817919766772814
0.0015847853685378517
-0.003310711058208267
-0.001281600037793991
0.0019305378189748072
-0.0013542626567272364
-0.00843862778245592
-0.009623781210332815
-0.0026873791590068473
0.00343471459491486
0.0018075539972943653
-0.0021762153182338356
0.0007362934963444227
0.008891404094158475
0.011349926132614523
0.004113135217990517
-0.003484522732127009
-0.002458253760403209
0.002392361125166753
4.785797377591956e-7
-0.009382975626011621
-0.013457210677914933
-0.005975317286999832
0.0034340194433251565
0.0032734258908326827
-0.002583230908858915
-0.0009093150140468019
0.009950830491042376
0.016147663384407433
0.008493345228309601
-0.003237709639107811
-0.004340259645386886
0.002737565359711122
0.0020808143268114068
-0.010654198159352628
-0.01978014882697495
-0.012067245801691618
0.002811402605167272
0.005814084479867944
-0.0028659594686418484
-0.0037275667051605765
0.011617059372915614
0.025147187042263684
0.01760955155697255
-0.00192749197026178
-0.008027160185057286
0.0029804161802749678
0.006315455271804387
-0.01320310298210628
-0.03431295859801385
-0.027526342402034207
0.000023844873750448916
0.012012717376836323
-0.003071838249900566
-0.011323236735081177
0.016573201825121057
0.054534885580192635
0.05091656972619979
0.005206044337688118
-0.02238688645937852
0.003140832208971632
0.027153057036918695
-0.029435862448914704
-0.143947686166211
-0.18180615571733963
-0.04817011173686409
0.17341373646771233
0.28254632299832394
0.17341373646771233
-0.04817011173686409
-0.18180615571733963
-0.143947686166211
-0.029435862448914704
0.027153057036918695
0.003140832208971632
-0.02238688645937852
0.005206044337688118
0.05091656972619979
0.054534885580192635
0.016573201825121057
-0.011323236735081177
-0.003071838249900566
0.012012717376836323
0.000023844873750448916
-0.027526342402034207
-0.03431295859801385
-0.01320310298210628
0.006315455271804387
0.0029804161802749678
-0.008027160185057286
-0.00192749197026178
0.01760955155697255
0.025147187042263684
0.011617059372915614
-0.0037275667051605765
-0.0028659594686418484
0.005814084479867944
0.002811402605167272
-0.012067245801691618
-0.01978014882697495
-0.010654198159352628
0.0020808143268114068
0.002737565359711122
-0.004340259645386886
-0.003237709639107811
0.008493345228309601
0.016147663384407433
0.009950830491042376
-0.0009093150140468019
-0.002583230908858915
0.0032734258908326827
0.0034340194433251565
-0.005975317286999832
-0.013457210677914933
-0.009382975626011621
4.785797377591956e-7
0.002392361125166753
-0.002458253760403209
-0.003484522732127009
0.004113135217990517
0.011349926132614523
0.008891404094158475
0.0007362934963444227
-0.0021762153182338356
0.0018075539972943653
0.00343471459491486
-0.0026873791590068473
-0.009623781210332815
-0.00843862778245592
-0.0013542626567272364
0.0019305378189748072
-0.001281600037793991
-0.003310711058208267
0.0015847853685378517
0.00817919766772814
0.008008075582832987
0.0018682122108791774
-0.001684074792042632
0.0008316837282544251
0.003125580095884586
-0.0007138931483034295
-0.0069200409280692175
-0.007563884515340132
-0.002287190133008562
0.0014284687668019663
-0.0004653223334250322
-0.002918631567798432
0.000009039996509753464
0.005803828348405283
0.007114713985269828
0.00264290441003196
-0.0011481053742312443
0.0001823408864583205
0.0026988600033746994
0.0005502285548663172
-0.004824017255463478
-0.006677702893787366
-0.002951475193227803
0.0008539624751535093
0.00004545151264680108
-0.0024516971307320815
-0.0009735557782393419
0.003963035160085352
0.00624114117472774
0.003199067215226959
-0.0005697203798299689
-0.0002372166688304635
0.0021835221981388393
0.001292127529829575
-0.003186908585382132
-0.005783428490433877
-0.0033748420602713837
0.00029882154296675717
0.00038190834461865927
-0.00192682030555146
-0.001545975915350277
0.002476395015810752
0.005320148068906878
0.003513038718317011
-0.00001490869508056171
-0.0004711486486375838
0.0016770553951861431
0.0017244708197827017
-0.0018437081383833218
-0.0048574266667263015
-0.003607318021643859
-0.0002679985631426654
0.0005120211983951889
-0.0014424112758898223
-0.0018413568079273582
0.0012871564468899307
0.004409809940511255
0.0036719848441148463
0.0005472542255424142
-0.0005236730552770555
0.0012010199008788665
0.0018813222072108146
-0.000812721469208379
-0.003968556055404137
-0.003679785374086529
-0.0007852635078217299
0.0005304410487870626
-0.0009617197661801333
-0.001884611716976853
0.0003716690841034351
0.003501938912667187
0.003627506447234247
0.0010091957185541644
-0.00048085169379197387
0.0007808611715714438
0.0018807107250770675
0.000013536984566671783
-0.003077813387676381
-0.003588173681460211
-0.0012484321567120863
0.0004089775033989128
-0.0005842200204125901
-0.0018005992773373989
-0.00031825954062936207
0.002662613017331642
0.0034888694882937916
0.0014350712896771623
-0.0003358682242897671
0.0004070201676509727
0.0017073225577130128
0.0005907437608412265
-0.002246569936179656
-0.0033511531125944858
-0.0015992162107943046
0.0002358537836867437
-0.00026638969925848994
-0.0016075728797834542
-0.0008220749580857302
0.0018538185455290292
0.003200389512128257
0.0017544909413607528
-0.00011461239295556549
0.00014504723192887875
0.0014781450423726665
0.0009897437634923296
-0.0014948564397436281
-0.0030261417549602636
-0.0018665304154465707
0.00000926010793542389
-0.000029245423660818797
-0.0013435943014114327
-0.001144301467910009
0.001125508138721631
0.002818469896803366
0.0019697195377269333
0.00014045276871768405
-0.00003116906969216868
0.0012078298291106197
0.0012354912534976712
-0.0008163255722593441
-0.0026146847896745228
-0.002037887844099033
-0.0002653041543401472
0.00009288311887359311
-0.0010705427000910173
-0.0013140664766216191
0.0005107707337288716
0.0023955345062150234
0.0021000441546063344
0.0004167877370549893
-0.0001239038207893496
0.0009183165796679104
0.001331286615033451
-0.0002546137911566497
-0.00216763287791445
-0.0021150019288370806
-0.000538529710137318
0.00014763543165705506
-0.0007788671928774275
-0.0013438505582770868
0.000003542907437047463
0.001924663624625333
0.0021133448877918176
0.0006738290902148833
-0.0001352233051200649
0.0006549055065355148
0.001327812149256442
0.0002035818770805741
-0.0016997942457489899
-0.0021018183091167696
-0.0007997768179776901
0.00012408889282014557
-0.0005138210001245054
-0.0012704529998767509
-0.00037966714353583077
0.0014595956238273955
0.002043042715675376
0.0008964166631011454
-0.00010125303689228584
0.00039832459025259385
0.0012194007636709984
0.0005463101570043592
-0.001220570262846009
-0.001976237369860215
-0.0009989789419992661
0.00005522174837414966
-0.0002920018127984365
-0.0011404309614764783
-0.0006717767086421644
0.000992479874034466
0.0018840749953655028
0.0010750191115591395
-0.000010613096408567292
0.00019501145577783378
0.001055499356866074
0.0007807445381485969
-0.0007649551205068365
-0.0017713776799068196
-0.0011370462550425347
-0.00004643898370380374
-0.00011916248981357212
-0.000971120965634027
-0.0008707976370777426
0.0005479913393721488
0.0016507570066385357
0.0011943636181455939
0.00011923704191589374
0.00006205229899679184
0.000880638512901767
0.0009336858410221595
-0.0003485028266651813
-0.0015234411124319508
-0.0012410391229071911
-0.0001997620131356881
-0.000021131943593771554
-0.0007867402545204397
-0.0009708571867267204
0.000168347579891437
0.001389332728763304
0.0012705034023570638
0.0002774514414289291
-0.000011960635200057867
0.000688803942752393
0.0009885545142079663
4.3668418748991624e-7
-0.001243134903271805
-0.0012819576383584252
-0.00035671458619285104
0.000027700999466578475
-0.0005955700304329205
-0.0009868388359412453
-0.00014747742975367405
0.0010977796320814825
0.0012802144420669811
0.00043275093559005874
-0.000032842068328975834
0.0005065646731612887
0.0009713041025152865
0.00027745532675688475
-0.0009542794042195879
-0.0012716293835313924
-0.0005126290662682992
0.000024307673306967776
-0.0004174565919778743
-0.0009302619102784504
-0.0003773163562850482
0.0008184046990486235
0.0012484490087075783
0.0005773619381164468
-0.000021793808785884182
0.0003197435620797862
0.0008700773516850686
0.0004637780048884788
-0.0006694521733256377
-0.0011925480388609298
-0.0006202789142106261
0.000013437775993653253
-0.00024011003078205735
-0.0008192993730514669
-0.0005509567011030549
0.0005156579606521323
0.0011294156569531116
0.0006697544775586704
0.000018126043474944008
0.00017836564031577907
0.0007593521550624892
0.0006112055893686401
-0.0003785035707493927
-0.0010618721589249478
-0.0007094829816533619
-0.00005002020393126239
-0.00011979335614355223
-0.0006908825949415888
-0.0006547312029869765
0.0002479289238386774
0.0009847038655502976
0.0007393657299345168
0.00008526056270224912
0.00006897450550038457
0.0006180413632026285
0.0006837809796314819
-0.00012284130757884973
-0.0008958344797060256
-0.0007557034359394228
-0.00012235503469074422
-0.00002997390687178497
-0.0005485792538304092
-0.0007042742663725928
0.0000026980823366038074
0.0007993613066525018
0.0007643763534108231
0.00016698162737031755
0.000009746585392520766
0.000486125197065453
0.0007144058195315557
0.00010110159122308154
-0.0007107214097023588
-0.0007752934299207705
-0.0002204812917886814
0.000003129116867154105
-0.0004183871948177813
-0.0007009488926577953
-0.0001845680877596592
0.0006243430966112464
0.0007767217079297251
0.00026659447913761916
-0.000014153016954544368
0.00034718828658070324
0.0006732311354838368
0.0002564914603043064
-0.0005311109758579707
-0.0007592792597389886
-0.00029961597310531105
0.000027945888475128844
-0.00027590215060095566
-0.0006418788709628499
-0.00032593480154219964
0.0004297256903474231
0.0007287323416177783
0.0003336158661465837
-0.000024017849246390676
0.00021845447342172167
0.0006063066084494919
0.00038192563723011424
-0.00033493480199107696
-0.0006945574228378894
-0.0003631200188280503
0.000018847430814970623
-0.0001624182163236411
-0.0005635350388825811
-0.0004282029293370235
0.0002364181059045017
0.0006419814592562797
0.0003761561044800327
-0.00001537686494272502
0.00011216261536467748
0.0005217388162277246
0.00047143970049540646
-0.000137366371106516
-0.000585184213316619
-0.0003908898898870657
0.0000014974330328749173
-0.00007059177979979204
-0.0004744126821215153
-0.0004973817620732384
0.00005033465182687785
0.0005250157906175506
0.0003953139152858704
0.00000914358741661333
0.00003304629337088386
0.0004295982866327799
0.0005232520931558322
0.00004094003290147395
-0.0004567060902286791
-0.0003991644916004422
-0.00003353220799271565
-0.000013549641502176944
-0.00039090370812281603
-0.0005406994329529459
-0.00012153733297568561
0.0003906838629863702
0.0004003699078514633
0.000059723715132649716
3.0864454314396236e-7
0.0003537877859806457
0.0005511448179827124
0.00019565038429557243
-0.00032193673663880826
-0.0003945720611038603
-0.00008532306925798757
0.0000062767275709057665
-0.0003205162631061821
-0.0005568217399043268
-0.00026194116129060773
0.0002565532835041782
0.00038874207885859974
0.00011360651300813467
-0.000009215773808411494
0.00028367550343363804
0.000550503405126832
0.0003186692658475376
-0.00018787674426819256
-0.00037018100834984233
-0.00013218762888975172
0.000011265108681845739
-0.00025402604256427136
-0.0005505855048063673
-0.0003807702106849248
0.00011174611403551773
0.00034509120036806123
0.00015295580943655554
-8.394823309920068e-7
0.00023933126792890705
0.0005602334740546766
0.0004474525645529146
-0.00003291848918406599
-0.0003219834311883208
-0.00018769681369129273
-0.000034907051167242355
-0.00024793967012482155
-0.0005765573759432078
-0.0005017888378983243
-0.00002506949040478532
0.00031745538122266104
0.0002348340255166516
0.00007678733068775217
0.00025623612732747703
0.0005871853109019437
0.0005495976563798887
0.00007931405877595054
-0.00031513964989238414
-0.00028790075081889485
-0.000131896481307194
-0.00028173435942532865
-0.0006111494719334162
-0.000599799994930268
-0.00012192642332246577
0.0003381490287315859
0.00037525726569531166
0.00021916075848654742
0.0003243651961533184
0.0006289986809347741
0.0006214054939335972
0.00012322173526341747
-0.00039987041779133547
-0.00048454964210120237
-0.0003067607056324155
-0.000353738198721487
-0.0006342278507192117
-0.0006363302757353989
-0.00011354575776684318
0.0004902634142246551
0.0006372111128746811
0.000433547515009122
0.00040034562538281474
0.0006289298973236135
0.0006120681902220728
0.00003315944600881402
-0.0006731119816016711
-0.0008680820537000541
-0.0005792465879172112
-0.00039691063774823773
-0.0005408821925491485
-0.000509199794590127
0.00012568931432044964
0.0009542195436564184
0.0011882740331418129
0.0007292699274952286
0.0002748937996749379
0.00027002679158356934
0.00024965260366880125
-0.00040218518641097997
-0.0013600436301109261
-0.0016060960426789392
-0.0007905950813954243
0.0002269428016739348
0.0005211658863648409
0.00036036778787931366
0.0007260735431714985
0.0016714766900012487
0.0018889779429435006
0.0003504506109927632
-0.00202591580866051
-0.0030303800393724403
-0.0015875835820398493
0.0009474262003827462
0.002225657660975792
0.0013696114643204835
-0.00036649244155318535
-0.0012728114132897171
-0.0010669629564507813
0.0004573374419308135