#547
#32
6862243
-1378215
1941475
4109277
3692700
777647
-3456168
-7546169
-10395846
-11497843
-10802682
-8476604
-4759657
15769
5324822
10403070
14326944
16227148
15535420
12178089
6630141
-173996
-7039522
-12765046
-16379551
-17322438
-15536155
-11458270
-5923652
9520
5278219
9025156
10763725
10456005
8488069
5550666
2456413
-61254
-1517759
-1772645
-1035943
213463
1377000
1909005
1468817
15389
-2180438
-4605956
-6642691
-7729425
-7510347
-5931700
-3258546
-12303
3155576
5623312
6947396
6963673
5816475
3909220
1789199
-2109
-1069857
-1262106
-698210
276278
1195294
1612688
1233995
5643
-1859920
-3936294
-5694792
-6645981
-6472681
-5118790
-2811244
-6545
2722152
4826359
5919909
5871227
4827549
3168693
1397725
-453
-693302
-585293
160103
1173589
1992657
2196208
1532632
3833
-2125812
-4386869
-6224993
-7150683
-6866960
-5360701
-2906362
-6422
2737627
4775183
5745705
5564913
4436812
2789693
1153346
9258
-347020
120670
1155092
2338878
3117450
3093054
2026705
-12447
-2644645
-5309412
-7384584
-8333626
-7871071
-6047009
-3224719
6368
2966722
5059544
5933809
5564318
4243054
2487465
898204
-13754
19173
943499
2400824
3831972
4634262
4334390
2739339
14328
-3342062
-6615822
-9059007
-10079485
-9396683
-7124237
-3749636
-11673
3291018
5504509
6284032
5674080
4083896
2166145
625705
12006
556979
2100987
4130925
5920262
6734235
6045889
3701901
-5207
-4386565
-8520568
-11483780
-12589265
-11567059
-8639111
-4469472
2272
3803864
6184171
6805316
5820633
3819491
1650350
172092
352
1318202
3807583
6718338
9068045
9920531
8660930
5192502
180
-5941220
-11395125
-15172044
-16432319
-14907987
-10982689
-5595596
-77
4563182
7190476
7553176
5972707
3319036
759478
-589672
-2786
2625307
6708324
11102228
14407206
15342909
13135386
7759173
12616
-8643209
-16421049
-21652475
-23216483
-20837122
-15165400
-7618353
-12789
5914215
8966095
8818089
6089504
2192818
-1101190
-2154411
7884
5359676
12808299
20407746
25849773
27089832
22931451
13432106
2959
-14855714
-28118822
-36969540
-39520208
-35332624
-25568639
-12726049
-11973
9501503
13725046
12172857
6166253
-1454363
-7063447
-7272086
18592
14815333
34717908
55224063
70627484
75342078
65357875
39473169
-17359
-47392353
-94378035
-131690699
-150944693
-146517641
-116950592
-65545550
4851
68918639
129320678
170527165
185142697
170527165
129320678
68918639
4851
-65545550
-116950592
-146517641
-150944693
-131690699
-94378035
-47392353
-17359
39473169
65357875
75342078
70627484
55224063
34717908
14815333
18592
-7272086
-7063447
-1454363
6166253
12172857
13725046
9501503
-11973
-12726049
-25568639
-35332624
-39520208
-36969540
-28118822
-14855714
2959
13432106
22931451
27089832
25849773
20407746
12808299
5359676
7884
-2154411
-1101190
2192818
6089504
8818089
8966095
5914215
-12789
-7618353
-15165400
-20837122
-23216483
-21652475
-16421049
-8643209
12616
7759173
13135386
15342909
14407206
11102228
6708324
2625307
-2786
-589672
759478
3319036
5972707
7553176
7190476
4563182
-77
-5595596
-10982689
-14907987
-16432319
-15172044
-11395125
-5941220
180
5192502
8660930
9920531
9068045
6718338
3807583
1318202
352
172092
1650350
3819491
5820633
6805316
6184171
3803864
2272
-4469472
-8639111
-11567059
-12589265
-11483780
-8520568
-4386565
-5207
3701901
6045889
6734235
5920262
4130925
2100987
556979
12006
625705
2166145
4083896
5674080
6284032
5504509
3291018
-11673
-3749636
-7124237
-9396683
-10079485
-9059007
-6615822
-3342062
14328
2739339
4334390
4634262
3831972
2400824
943499
19173
-13754
898204
2487465
4243054
5564318
5933809
5059544
2966722
6368
-3224719
-6047009
-7871071
-8333626
-7384584
-5309412
-2644645
-12447
2026705
3093054
3117450
2338878
1155092
120670
-347020
9258
1153346
2789693
4436812
5564913
5745705
4775183
2737627
-6422
-2906362
-5360701
-6866960
-7150683
-6224993
-4386869
-2125812
3833
1532632
2196208
1992657
1173589
160103
-585293
-693302
-453
1397725
3168693
4827549
5871227
5919909
4826359
2722152
-6545
-2811244
-5118790
-6472681
-6645981
-5694792
-3936294
-1859920
5643
1233995
1612688
1195294
276278
-698210
-1262106
-1069857
-2109
1789199
3909220
5816475
6963673
6947396
5623312
3155576
-12303
-3258546
-5931700
-7510347
-7729425
-6642691
-4605956
-2180438
15389
1468817
1909005
1377000
213463
-1035943
-1772645
-1517759
-61254
2456413
5550666
8488069
10456005
10763725
9025156
5278219
9520
-5923652
-11458270
-15536155
-17322438
-16379551
-12765046
-7039522
-173996
6630141
12178089
15535420
16227148
14326944
10403070
5324822
15769
-4759657
-8476604
-10802682
-11497843
-10395846
-7546169
-3456168
777647
3692700
4109277
1941475
-1378215
6862243