#519
#32
11521857
1779267
1885949
1975080
2043804
2090894
2112556
2109270
2078081
2017945
1929325
1811166
1663702
1487546
1284165
1055262
802163
527556
234518
-73727
-393655
-721656
-1053472
-1384891
-1711604
-2029059
-2333040
-2619376
-2884078
-3123225
-3333101
-3510703
-3653361
-3758878
-3825591
-3852323
-3838577
-3784308
-3690185
-3557576
-3388338
-3185001
-2950611
-2688762
-2403454
-2098973
-1780110
-1451882
-1119461
-788120
-463068
-149505
147687
423905
674871
896901
1086806
1242036
1360659
1441464
1484155
1489098
1457460
1391205
1292995
1166228
1014798
843295
656866
461012
261750
65301
-121946
-293672
-443712
-565824
-654272
-703887
-710152
-669387
-578603
-436005
-240649
7476
306985
655727
1050594
1487806
1962467
2468069
2997811
3543634
4096189
4645278
5179880
5690462
6166949
6600344
6984180
7308168
7560650
7724109
7787651
7792509
7669503
7453249
7130327
6700182
6165636
5525500
4787247
3954879
3034514
2036398
970287
-152542
-1320147
-2518717
-3733044
-4948645
-6150247
-7322227
-8448894
-9514677
-10504941
-11405499
-12203401
-12887022
-13445686
-13870352
-14153689
-14290538
-14277759
-14114002
-13800218
-13339384
-12736541
-11998796
-11135153
-10156648
-9075867
-7906932
-6665375
-5367654
-4031069
-2673418
-1312901
32192
1344015
2605199
3799259
4910860
5926045
6832580
7619962
8279804
8805892
9194151
9442906
9552826
9527056
9371054
9092458
8701208
8209146
7629885
6978602
6271752
5526941
4762368
3996682
3248619
2536422
1877730
1289158
786160
382585
90190
-81181
-124061
-33520
192666
553740
1046201
1663356
2395728
3231464
4155970
5152396
6201559
7282660
8373424
9449415
10485616
11456678
12337586
13104243
13732794
14201560
14488924
14574176
14441811
14079421
13479854
12633219
11529398
10184963
8590533
6761763
4709975
2449909
7029
-2601573
-5343064
-8187393
-11103919
-14056076
-17006171
-19914811
-22743480
-25453282
-28003979
-30356946
-32474924
-34322925
-35868697
-37082778
-37939542
-38416713
-38496371
-38165785
-37417148
-36247939
-34660655
-32663257
-30269192
-27496866
-24369949
-20917002
-17171230
-13170127
-8954840
-4569967
-62670
4517856
9120750
13694293
18186452
22545768
26721890
30666101
34332235
37677106
40661172
43249050
45409933
47118125
48353125
49100084
49350080
49100084
48353125
47118125
45409933
43249050
40661172
37677106
34332235
30666101
26721890
22545768
18186452
13694293
9120750
4517856
-62670
-4569967
-8954840
-13170127
-17171230
-20917002
-24369949
-27496866
-30269192
-32663257
-34660655
-36247939
-37417148
-38165785
-38496371
-38416713
-37939542
-37082778
-35868697
-34322925
-32474924
-30356946
-28003979
-25453282
-22743480
-19914811
-17006171
-14056076
-11103919
-8187393
-5343064
-2601573
7029
2449909
4709975
6761763
8590533
10184963
11529398
12633219
13479854
14079421
14441811
14574176
14488924
14201560
13732794
13104243
12337586
11456678
10485616
9449415
8373424
7282660
6201559
5152396
4155970
3231464
2395728
1663356
1046201
553740
192666
-33520
-124061
-81181
90190
382585
786160
1289158
1877730
2536422
3248619
3996682
4762368
5526941
6271752
6978602
7629885
8209146
8701208
9092458
9371054
9527056
9552826
9442906
9194151
8805892
8279804
7619962
6832580
5926045
4910860
3799259
2605199
1344015
32192
-1312901
-2673418
-4031069
-5367654
-6665375
-7906932
-9075867
-10156648
-11135153
-11998796
-12736541
-13339384
-13800218
-14114002
-14277759
-14290538
-14153689
-13870352
-13445686
-12887022
-12203401
-11405499
-10504941
-9514677
-8448894
-7322227
-6150247
-4948645
-3733044
-2518717
-1320147
-152542
970287
2036398
3034514
3954879
4787247
5525500
6165636
6700182
7130327
7453249
7669503
7792509
7787651
7724109
7560650
7308168
6984180
6600344
6166949
5690462
5179880
4645278
4096189
3543634
2997811
2468069
1962467
1487806
1050594
655727
306985
7476
-240649
-436005
-578603
-669387
-710152
-703887
-654272
-565824
-443712
-293672
-121946
65301
261750
461012
656866
843295
1014798
1166228
1292995
1391205
1457460
1489098
1484155
1441464
1360659
1242036
1086806
896901
674871
423905
147687
-149505
-463068
-788120
-1119461
-1451882
-1780110
-2098973
-2403454
-2688762
-2950611
-3185001
-3388338
-3557576
-3690185
-3784308
-3838577
-3852323
-3825591
-3758878
-3653361
-3510703
-3333101
-3123225
-2884078
-2619376
-2333040
-2029059
-1711604
-1384891
-1053472
-721656
-393655
-73727
234518
527556
802163
1055262
1284165
1487546
1663702
1811166
1929325
2017945
2078081
2109270
2112556
2090894
2043804
1975080
1885949
1779267
11521857