#641
-0.0050859712862627955
-0.00026193830073208444
-0.0002685537419463906
-0.0002751997527968356
-0.0002818799346143549
-0.00028859730184254323
-0.00029532958247588907
-0.0003021012073402805
-0.0003088784111596365
-0.00031569215696739125
-0.0003225214718569682
-0.0003293496817002047
-0.0003361847094138395
-0.00034302801017840564
-0.0003498810128718664
-0.00035672119182244064
-0.000363556685576996
-0.0003703923982277196
-0.00037723768624230223
-0.00038405980554273144
-0.0003908585721063085
-0.00039766922697254955
-0.0004043992155329876
-0.0004111223096541848
-0.0004177920855904308
-0.00042442914876087784
-0.00043104228423907485
-0.0004375403098677365
-0.0004441513579357751
-0.00045045827725875175
-0.00045685638610383587
-0.0004631894051354003
-0.0004693566604795541
-0.0004754366416224855
-0.00048148317905958275
-0.00048749350386877334
-0.0004933917951508342
-0.0004991617964279763
-0.0005048140110155896
-0.0005103845491759161
-0.0005158985610598182
-0.0005213440795635973
-0.0005266866592545396
-0.0005318755531576083
-0.000536948025458317
-0.0005419526412352281
-0.000546906218931398
-0.0005517083777723949
-0.0005563483951217768
-0.0005610462610704488
-0.0005654511853594409
-0.0005698059957832273
-0.0005739758989387551
-0.0005779853838902365
-0.0005818338344381637
-0.000585474540602492
-0.0005889622558227234
-0.00059217743951987
-0.0005951795625774361
-0.0005979320783795855
-0.0006003993056387246
-0.0006026074687094072
-0.0006045679145411236
-0.0006062965057581704
-0.0006078008282573058
-0.0006091345344087682
-0.0006103492357227612
-0.0006114950305253149
-0.0006125982080650691
-0.0006136823988269713
-0.0006147639283741632
-0.0006157375615422122
-0.0006164462808222115
-0.0006165172476312982
-0.0006153675204847313
-0.0006120432133519497
-0.0006050150124656832
-0.0006144300159308591
-0.0006088813165213225
-0.0006069541767174612
-0.0006047468455028509
-0.0006022463313001109
-0.0005994601533407855
-0.0005963559859434491
-0.000592961299892218
-0.0005892309519848409
-0.0005851956057854372
-0.0005808522965739266
-0.000576181511979443
-0.0005711854828972137
-0.0005658648806912952
-0.0005602296344704363
-0.000554256255316033
-0.000547939182624407
-0.0005412732729060211
-0.0005342772104238434
-0.0005269300184836041
-0.0005192208586892624
-0.0005112132577840503
-0.0005028200679727167
-0.0004940921376184929
-0.00048498876328814005
-0.0004755123640908553
-0.0004657075001903724
-0.0004553786721231777
-0.00044497552449862245
-0.00043387930458532617
-0.00042251369322018266
-0.0004108653630975196
-0.00039876396134200785
-0.00038618857631232575
-0.0003731943691410073
-0.00035985651530388743
-0.0003461458190673482
-0.0003320264687107018
-0.00031746005823833374
-0.0003024444685484785
-0.0002870174875316266
-0.0002712189733916603
-0.00025506834247923763
-0.0002385071399851372
-0.0002215133101030467
-0.0002041052235866549
-0.000186344171808524
-0.00016816495812272065
-0.00014947481525329437
-0.00013053497974436134
-0.00011107357719233615
-0.00009124774439369233
-0.00007097607275667829
-0.00005025208082588976
-0.00002908933304448102
-0.000007425939672329376
0.000014624135699326285
0.000037165416735085955
0.00006011494550338856
0.00008344816497246153
0.00010718890359520088
0.00013130926733957666
0.00015578966710618565
0.00018062141227808876
0.0002058480706396376
0.00023149765606935186
0.00025760371245716723
0.00028419818293874065
0.0003113264196825128
0.00033900747893640784
0.0003671563961454372
0.0003956643639923272
0.0004243037341728128
0.00045291063791991155
0.00048154369387554726
0.0005110077266845633
0.0005439131636470189
0.0005725353667363291
0.0006039961300573113
0.0006353970761233315
0.0006671811459088022
0.0006993534539860371
0.0007318874753509932
0.0007648104266708963
0.0007980756161509418
0.0008317271094622086
0.0008657423373721166
0.000900107025215147
0.0009348344236906295
0.0009699226510991569
0.0010053696086902725
0.0010411487675954332
0.0010772614996925774
0.0011137018536418848
0.0011504744031345206
0.0011875553690790365
0.0012249535901788409
0.0012626981856423852
0.0013007069994292464
0.0013390360328953107
0.0013776334560062669
0.0014165150291416651
0.0014556911230305804
0.0014950320081958141
0.0015349583607039028
0.0015746791525746702
0.0016150095046853325
0.0016556317784644488
0.0016963569985416758
0.0017372765734595618
0.0017784864881515007
0.0018200160411074083
0.0018617767625447221
0.0019037198126761186
0.001945814218965086
0.001988077467335651
0.0020305495256965293
0.0020732438089112923
0.0021161376532590585
0.002159165467822829
0.0022023276842639597
0.0022456415844099298
0.0022891209810733536
0.0023326941831392028
0.0023763706236932546
0.002420310474492136
0.0024642723701284105
0.002508434916291702
0.002552676676988404
0.00259700442989412
0.0026414059020592453
0.0026858210142320926
0.0027303370094969065
0.0027748067130526984
0.002819347337006197
0.002863923070881017
0.002908502480791866
0.002953131986609716
0.0029978239945563337
0.003042568867212575
0.003087321338735123
0.003132069084512931
0.0031767791746282925
0.003221406417905256
0.0032658984949789577
0.0033102501588748307
0.0033545348881190164
0.003398822832626022
0.003443227595223393
0.003487704319041584
0.0035320199036253065
0.0035757295049894306
0.003618760110601494
0.003663651506791442
0.0037066946498589847
0.0037502116255099093
0.003793477017507814
0.003836566584018611
0.0038794902822006337
0.00392221399625381
0.003964772132688794
0.004007102236513369
0.004049235859167516
0.004091158338000417
0.004132838549203039
0.004174274784710474
0.004215460969671973
0.004256402039195925
0.004297074628802958
0.004337473159834186
0.004377581835759801
0.004417398146735958
0.0044568881397978955
0.004496036955675625
0.004534892578580792
0.004573384324241396
0.004611557825431242
0.004649375312134872
0.004686837816087205
0.004723997321558683
0.004760510490609437
0.004797248615124793
0.00483290900917844
0.00486839794228905
0.004903692948308005
0.00493852356299266
0.0049728037408966735
0.00500657499906383
0.005039947636286111
0.005072928632215125
0.005105500610527413
0.005137601307960887
0.005169178188344926
0.005200229059001683
0.005230783129436004
0.00526087871029034
0.005290489207499339
0.005319604242383122
0.005348224824779926
0.005376379072463799
0.005403991365162077
0.005430978967431412
0.005457504482443612
0.0054833708248737114
0.005508707947820881
0.005533464836029723
0.005557652708903714
0.005581299460581761
0.005604326936980361
0.005626877709824993
0.005648780522866313
0.005670126995531306
0.005690904397777238
0.0057110342928494515
0.005730513262213756
0.005749349943126504
0.005767561144982088
0.0057851278659539224
0.005802075136865195
0.005818438628701356
0.005834241426566558
0.005849449059617906
0.0058639811363504655
0.0058777857146825605
0.0058908168597929834
0.005903185236187005
0.0059150483714237615
0.0059264910124286465
0.0059371648672406395
0.005946359961295197
0.005956025902761936
0.00596435271861237
0.005972200240549083
0.005979356840606951
0.005985830612802213
0.005991641159632603
0.005996749636652216
0.006001210569456263
0.0060049666273398776
0.006008046307436627
0.006010462142675826
0.006012192411311334
0.006013233690562107
0.006013577107663439
0.006013233690562107
0.006012192411311334
0.006010462142675826
0.006008046307436627
0.0060049666273398776
0.006001210569456263
0.005996749636652216
0.005991641159632603
0.005985830612802213
0.005979356840606951
0.005972200240549083
0.00596435271861237
0.005956025902761936
0.005946359961295197
0.0059371648672406395
0.0059264910124286465
0.0059150483714237615
0.005903185236187005
0.0058908168597929834
0.0058777857146825605
0.0058639811363504655
0.005849449059617906
0.005834241426566558
0.005818438628701356
0.005802075136865195
0.0057851278659539224
0.005767561144982088
0.005749349943126504
0.005730513262213756
0.0057110342928494515
0.005690904397777238
0.005670126995531306
0.005648780522866313
0.005626877709824993
0.005604326936980361
0.005581299460581761
0.005557652708903714
0.005533464836029723
0.005508707947820881
0.0054833708248737114
0.005457504482443612
0.005430978967431412
0.005403991365162077
0.005376379072463799
0.005348224824779926
0.005319604242383122
0.005290489207499339
0.00526087871029034
0.005230783129436004
0.005200229059001683
0.005169178188344926
0.005137601307960887
0.005105500610527413
0.005072928632215125
0.005039947636286111
0.00500657499906383
0.0049728037408966735
0.00493852356299266
0.004903692948308005
0.00486839794228905
0.00483290900917844
0.004797248615124793
0.004760510490609437
0.004723997321558683
0.004686837816087205
0.004649375312134872
0.004611557825431242
0.004573384324241396
0.004534892578580792
0.004496036955675625
0.0044568881397978955
0.004417398146735958
0.004377581835759801
0.004337473159834186
0.004297074628802958
0.004256402039195925
0.004215460969671973
0.004174274784710474
0.004132838549203039
0.004091158338000417
0.004049235859167516
0.004007102236513369
0.003964772132688794
0.00392221399625381
0.0038794902822006337
0.003836566584018611
0.003793477017507814
0.0037502116255099093
0.0037066946498589847
0.003663651506791442
0.003618760110601494
0.0035757295049894306
0.0035320199036253065
0.003487704319041584
0.003443227595223393
0.003398822832626022
0.0033545348881190164
0.0033102501588748307
0.0032658984949789577
0.003221406417905256
0.0031767791746282925
0.003132069084512931
0.003087321338735123
0.003042568867212575
0.0029978239945563337
0.002953131986609716
0.002908502480791866
0.002863923070881017
0.002819347337006197
0.0027748067130526984
0.0027303370094969065
0.0026858210142320926
0.0026414059020592453
0.00259700442989412
0.002552676676988404
0.002508434916291702
0.0024642723701284105
0.002420310474492136
0.0023763706236932546
0.0023326941831392028
0.0022891209810733536
0.0022456415844099298
0.0022023276842639597
0.002159165467822829
0.0021161376532590585
0.0020732438089112923
0.0020305495256965293
0.001988077467335651
0.001945814218965086
0.0019037198126761186
0.0018617767625447221
0.0018200160411074083
0.0017784864881515007
0.0017372765734595618
0.0016963569985416758
0.0016556317784644488
0.0016150095046853325
0.0015746791525746702
0.0015349583607039028
0.0014950320081958141
0.0014556911230305804
0.0014165150291416651
0.0013776334560062669
0.0013390360328953107
0.0013007069994292464
0.0012626981856423852
0.0012249535901788409
0.0011875553690790365
0.0011504744031345206
0.0011137018536418848
0.0010772614996925774
0.0010411487675954332
0.0010053696086902725
0.0009699226510991569
0.0009348344236906295
0.000900107025215147
0.0008657423373721166
0.0008317271094622086
0.0007980756161509418
0.0007648104266708963
0.0007318874753509932
0.0006993534539860371
0.0006671811459088022
0.0006353970761233315
0.0006039961300573113
0.0005725353667363291
0.0005439131636470189
0.0005110077266845633
0.00048154369387554726
0.00045291063791991155
0.0004243037341728128
0.0003956643639923272
0.0003671563961454372
0.00033900747893640784
0.0003113264196825128
0.00028419818293874065
0.00025760371245716723
0.00023149765606935186
0.0002058480706396376
0.00018062141227808876
0.00015578966710618565
0.00013130926733957666
0.00010718890359520088
0.00008344816497246153
0.00006011494550338856
0.000037165416735085955
0.000014624135699326285
-0.000007425939672329376
-0.00002908933304448102
-0.00005025208082588976
-0.00007097607275667829
-0.00009124774439369233
-0.00011107357719233615
-0.00013053497974436134
-0.00014947481525329437
-0.00016816495812272065
-0.000186344171808524
-0.0002041052235866549
-0.0002215133101030467
-0.0002385071399851372
-0.00025506834247923763
-0.0002712189733916603
-0.0002870174875316266
-0.0003024444685484785
-0.00031746005823833374
-0.0003320264687107018
-0.0003461458190673482
-0.00035985651530388743
-0.0003731943691410073
-0.00038618857631232575
-0.00039876396134200785
-0.0004108653630975196
-0.00042251369322018266
-0.00043387930458532617
-0.00044497552449862245
-0.0004553786721231777
-0.0004657075001903724
-0.0004755123640908553
-0.00048498876328814005
-0.0004940921376184929
-0.0005028200679727167
-0.0005112132577840503
-0.0005192208586892624
-0.0005269300184836041
-0.0005342772104238434
-0.0005412732729060211
-0.000547939182624407
-0.000554256255316033
-0.0005602296344704363
-0.0005658648806912952
-0.0005711854828972137
-0.000576181511979443
-0.0005808522965739266
-0.0005851956057854372
-0.0005892309519848409
-0.000592961299892218
-0.0005963559859434491
-0.0005994601533407855
-0.0006022463313001109
-0.0006047468455028509
-0.0006069541767174612
-0.0006088813165213225
-0.0006144300159308591
-0.0006050150124656832
-0.0006120432133519497
-0.0006153675204847313
-0.0006165172476312982
-0.0006164462808222115
-0.0006157375615422122
-0.0006147639283741632
-0.0006136823988269713
-0.0006125982080650691
-0.0006114950305253149
-0.0006103492357227612
-0.0006091345344087682
-0.0006078008282573058
-0.0006062965057581704
-0.0006045679145411236
-0.0006026074687094072
-0.0006003993056387246
-0.0005979320783795855
-0.0005951795625774361
-0.00059217743951987
-0.0005889622558227234
-0.000585474540602492
-0.0005818338344381637
-0.0005779853838902365
-0.0005739758989387551
-0.0005698059957832273
-0.0005654511853594409
-0.0005610462610704488
-0.0005563483951217768
-0.0005517083777723949
-0.000546906218931398
-0.0005419526412352281
-0.000536948025458317
-0.0005318755531576083
-0.0005266866592545396
-0.0005213440795635973
-0.0005158985610598182
-0.0005103845491759161
-0.0005048140110155896
-0.0004991617964279763
-0.0004933917951508342
-0.00048749350386877334
-0.00048148317905958275
-0.0004754366416224855
-0.0004693566604795541
-0.0004631894051354003
-0.00045685638610383587
-0.00045045827725875175
-0.0004441513579357751
-0.0004375403098677365
-0.00043104228423907485
-0.00042442914876087784
-0.0004177920855904308
-0.0004111223096541848
-0.0004043992155329876
-0.00039766922697254955
-0.0003908585721063085
-0.00038405980554273144
-0.00037723768624230223
-0.0003703923982277196
-0.000363556685576996
-0.00035672119182244064
-0.0003498810128718664
-0.00034302801017840564
-0.0003361847094138395
-0.0003293496817002047
-0.0003225214718569682
-0.00031569215696739125
-0.0003088784111596365
-0.0003021012073402805
-0.00029532958247588907
-0.00028859730184254323
-0.0002818799346143549
-0.0002751997527968356
-0.0002685537419463906
-0.00026193830073208444
-0.0050859712862627955