#373
0.01828975455694271
-0.020723974595255105
-0.005006340314243491
0.030376971857441874
-0.02249894026493121
0.0031294613268710685
-0.00522359007506153
0.013976578622304954
-0.006641743473871715
-0.0010453824569516051
-0.004776671256164809
0.007060910970580721
0.0002905423787832873
-0.0007594334915584894
-0.004733063867311266
0.002043496403183651
0.0024057545491763446
0.0013580094557921996
-0.0033075575285938276
-0.0013532073602385507
0.001336794862552984
0.002755080786142786
-0.0006691679026744561
-0.0023528490780613137
-0.0009196562421796745
0.0021473392396369646
0.001631279378309987
-0.0010584500142090587
-0.0022546182738931507
0.00006642509720154155
0.0021100302272062626
0.0010575708685052324
-0.0016109406754334628
-0.0017699408120918718
0.0006598473134187498
0.002104634692401763
0.00035931828759514493
-0.0018796111268107364
-0.001313226125877893
0.0012269993276186602
0.0019013343400815222
-0.00026319476629661
-0.002039600142754326
-0.0007474599692293861
0.0016585148220877972
0.001585627995004313
-0.0008778058613561559
-0.002024738949666464
-0.00013926861694398498
0.0019763282319518226
0.0011215761747181657
-0.0014217931661365485
-0.0018525957100509387
0.0005158738775043897
0.002123806247504559
0.0005472968593023106
-0.0018779271481106522
-0.0014940585741818433
0.0011538118920966245
0.0020912243632116257
-0.00011956234837002013
-0.002184346777662263
-0.0009716162906678225
0.0017307206135819759
0.0018576816209865082
-0.0008316019219125877
-0.002304015059618166
-0.00031337186249334547
0.0021965768344745624
0.0014093257857668731
-0.0015215129395490122
-0.0022107473710868118
0.0004572906895440931
0.0024713005872323804
0.0007813517877164166
-0.002136555291101989
-0.001862421619838997
0.0012464496940468657
0.002526146022233919
-0.000004621762525365763
-0.002586083870092858
-0.0012885822330064693
0.001997254829508706
0.002320672954063738
-0.0008824521663886311
-0.002815484195047439
-0.0005087271666576744
0.002632885349001764
0.0018312516802721863
-0.0017711542509159734
-0.0027726711177455746
0.00043869908823215565
0.0030489681445625815
0.0010868337482099685
-0.002589036134096741
-0.0024059449681534365
0.0014480000563818504
0.003194910133533155
0.00011491930948247677
-0.003224797906110739
-0.0017323088545377217
0.0024450791245390086
0.003004909079161643
-0.001010057071189702
-0.003591718429986654
-0.0007641800920914958
0.003317940146157787
0.002437347904629534
-0.0021790988019549135
-0.0036125123447965273
0.00044158220915939915
0.003934354160818867
0.001524234014917925
-0.003292566768732893
-0.0032264888419037165
0.00177973803307672
0.004229924642676007
0.00026321001785030375
-0.004213620922392577
-0.0023847572279386215
0.0031220286442650734
0.004076277052685267
-0.001200191495027452
-0.004837890011232735
-0.0011564612481720865
0.00441528004089227
0.0033972153449247106
-0.002828571875921967
-0.00497733411337741
0.0004424093196681043
0.005386151903301763
0.002258068331202689
-0.004456599935915863
-0.004622667565635802
0.0023449039111425544
0.005982795946490884
0.0005599239966590421
-0.005935393976071791
-0.0035945739957747233
0.004388842672113561
0.005978728565765573
-0.0015771649599120813
-0.0070456266232446635
-0.001938845184825411
0.006442431221326218
0.005287038771082184
-0.004096222443651308
-0.007647329121356539
0.0004345336542828331
0.00831782965305363
0.0037375916255966003
-0.006888732524373277
-0.007481047560221739
0.003521225801742149
0.009748874452048977
0.0012121750587373843
-0.009778907486581737
-0.006311747410066622
0.007274759191472379
0.01050256177178395
-0.0024429467060097204
-0.012617499471504957
-0.0038473598511534566
0.011753871468629856
0.01026675789268887
-0.0075667731512665684
-0.015238661014613221
0.00045390875240392664
0.017183773002475485
0.008476650352835253
-0.01489659603149216
-0.017464775953104906
0.007797805263265045
0.024310630799869178
0.00390200842198964
-0.026637612798067995
-0.01916562757036964
0.02206505693698082
0.03621553222490077
-0.007927808349593158
-0.05288133410120123
-0.02023158823913364
0.06685452032578387
0.07773974560726522
-0.07613965446328701
-0.30845910505897184
0.5794082963951053
-0.30845910505897184
-0.07613965446328701
0.07773974560726522
0.06685452032578387
-0.02023158823913364
-0.05288133410120123
-0.007927808349593158
0.03621553222490077
0.02206505693698082
-0.01916562757036964
-0.026637612798067995
0.00390200842198964
0.024310630799869178
0.007797805263265045
-0.017464775953104906
-0.01489659603149216
0.008476650352835253
0.017183773002475485
0.00045390875240392664
-0.015238661014613221
-0.0075667731512665684
0.01026675789268887
0.011753871468629856
-0.0038473598511534566
-0.012617499471504957
-0.0024429467060097204
0.01050256177178395
0.007274759191472379
-0.006311747410066622
-0.009778907486581737
0.0012121750587373843
0.009748874452048977
0.003521225801742149
-0.007481047560221739
-0.006888732524373277
0.0037375916255966003
0.00831782965305363
0.0004345336542828331
-0.007647329121356539
-0.004096222443651308
0.005287038771082184
0.006442431221326218
-0.001938845184825411
-0.0070456266232446635
-0.0015771649599120813
0.005978728565765573
0.004388842672113561
-0.0035945739957747233
-0.005935393976071791
0.0005599239966590421
0.005982795946490884
0.0023449039111425544
-0.004622667565635802
-0.004456599935915863
0.002258068331202689
0.005386151903301763
0.0004424093196681043
-0.00497733411337741
-0.002828571875921967
0.0033972153449247106
0.00441528004089227
-0.0011564612481720865
-0.004837890011232735
-0.001200191495027452
0.004076277052685267
0.0031220286442650734
-0.0023847572279386215
-0.004213620922392577
0.00026321001785030375
0.004229924642676007
0.00177973803307672
-0.0032264888419037165
-0.003292566768732893
0.001524234014917925
0.003934354160818867
0.00044158220915939915
-0.0036125123447965273
-0.0021790988019549135
0.002437347904629534
0.003317940146157787
-0.0007641800920914958
-0.003591718429986654
-0.001010057071189702
0.003004909079161643
0.0024450791245390086
-0.0017323088545377217
-0.003224797906110739
0.00011491930948247677
0.003194910133533155
0.0014480000563818504
-0.0024059449681534365
-0.002589036134096741
0.0010868337482099685
0.0030489681445625815
0.00043869908823215565
-0.0027726711177455746
-0.0017711542509159734
0.0018312516802721863
0.002632885349001764
-0.0005087271666576744
-0.002815484195047439
-0.0008824521663886311
0.002320672954063738
0.001997254829508706
-0.0012885822330064693
-0.002586083870092858
-0.000004621762525365763
0.002526146022233919
0.0012464496940468657
-0.001862421619838997
-0.002136555291101989
0.0007813517877164166
0.0024713005872323804
0.0004572906895440931
-0.0022107473710868118
-0.0015215129395490122
0.0014093257857668731
0.0021965768344745624
-0.00031337186249334547
-0.002304015059618166
-0.0008316019219125877
0.0018576816209865082
0.0017307206135819759
-0.0009716162906678225
-0.002184346777662263
-0.00011956234837002013
0.0020912243632116257
0.0011538118920966245
-0.0014940585741818433
-0.0018779271481106522
0.0005472968593023106
0.002123806247504559
0.0005158738775043897
-0.0018525957100509387
-0.0014217931661365485
0.0011215761747181657
0.0019763282319518226
-0.00013926861694398498
-0.002024738949666464
-0.0008778058613561559
0.001585627995004313
0.0016585148220877972
-0.0007474599692293861
-0.002039600142754326
-0.00026319476629661
0.0019013343400815222
0.0012269993276186602
-0.001313226125877893
-0.0018796111268107364
0.00035931828759514493
0.002104634692401763
0.0006598473134187498
-0.0017699408120918718
-0.0016109406754334628
0.0010575708685052324
0.0021100302272062626
0.00006642509720154155
-0.0022546182738931507
-0.0010584500142090587
0.001631279378309987
0.0021473392396369646
-0.0009196562421796745
-0.0023528490780613137
-0.0006691679026744561
0.002755080786142786
0.001336794862552984
-0.0013532073602385507
-0.0033075575285938276
0.0013580094557921996
0.0024057545491763446
0.002043496403183651
-0.004733063867311266
-0.0007594334915584894
0.0002905423787832873
0.007060910970580721
-0.004776671256164809
-0.0010453824569516051
-0.006641743473871715
0.013976578622304954
-0.00522359007506153
0.0031294613268710685
-0.02249894026493121
0.030376971857441874
-0.005006340314243491
-0.020723974595255105
0.01828975455694271