#505
#32
7123717
-4874705
-2131518
-71732
1027694
1132043
402102
-882473
-2403850
-3874882
-5082600
-5905327
-6305626
-6308936
-5975356
-5373374
-4561641
-3579310
-2446709
-1172996
234163
1757685
3364014
5000390
6594693
8061369
9309719
10252326
10813933
10937521
10589664
9764056
8480178
6783196
4739406
2434412
-33045
-2554414
-5018962
-7315153
-9340430
-11001427
-12224284
-12952800
-13154449
-12823061
-11977467
-10662622
-8946012
-6914200
-4669923
-2323313
13334
2229177
4223693
5912730
7230414
8133461
8605021
8652797
8306805
7620032
6663029
5516486
4270129
3015109
1835279
806435
-11006
-576705
-868034
-889272
-661123
-227581
353711
1011930
1671632
2255892
2693193
2921713
2895574
2586863
1988906
1116784
6652
-1285880
-2690184
-4124651
-5501625
-6733984
-7740611
-8452469
-8817113
-8801662
-8396390
-7615290
-6494904
-5092848
-3483858
-1755077
-267
1686820
3217592
4514817
5517126
6184050
6496490
6464863
6105672
5495874
4657522
3720525
2736948
1792036
985238
373646
-3855
-109291
69679
508287
1159493
1966030
2856336
3741951
4527223
5122706
5453364
5459439
5097558
4347647
3218320
1747947
1610
-1936053
-3965157
-5974402
-7847868
-9472032
-10745576
-11588191
-11944367
-11787608
-11118947
-9970557
-8403980
-6508907
-4394242
-2182216
2917
2038764
3816828
5246004
6261245
6826670
6938283
6627411
5956034
5010821
3897694
2733680
1639681
730419
104947
-158447
-10675
560385
1530788
2843198
4406741
6102379
7794833
9338952
10586110
11401475
11672465
11312739
10278288
8568460
6221842
3329388
12583
-3566001
-7225670
-10769022
-13999471
-16731503
-18805586
-20097775
-20529578
-20073077
-18754591
-16652535
-13893204
-10644157
-7103334
-3486725
-13550
3109414
5701756
7623380
8784949
9154422
8760882
7693235
6095908
4160268
2110747
189751
-1359746
-2313244
-2482184
-1730794
11727
2740397
6370723
10736290
15601352
20658677
25569008
29945218
33418884
35624598
36247060
35046604
31862506
26641154
19449981
10469274
-6687
-11572356
-23732338
-35927929
-47559815
-58016976
-66714195
-73125346
-76810891
-77444838
-74838137
-68955783
-59922625
-48018711
-33672048
-17442994
1459
17918801
35528741
52050908
66741295
78932277
88064336
93717941
95631769
93717941
88064336
78932277
66741295
52050908
35528741
17918801
1459
-17442994
-33672048
-48018711
-59922625
-68955783
-74838137
-77444838
-76810891
-73125346
-66714195
-58016976
-47559815
-35927929
-23732338
-11572356
-6687
10469274
19449981
26641154
31862506
35046604
36247060
35624598
33418884
29945218
25569008
20658677
15601352
10736290
6370723
2740397
11727
-1730794
-2482184
-2313244
-1359746
189751
2110747
4160268
6095908
7693235
8760882
9154422
8784949
7623380
5701756
3109414
-13550
-3486725
-7103334
-10644157
-13893204
-16652535
-18754591
-20073077
-20529578
-20097775
-18805586
-16731503
-13999471
-10769022
-7225670
-3566001
12583
3329388
6221842
8568460
10278288
11312739
11672465
11401475
10586110
9338952
7794833
6102379
4406741
2843198
1530788
560385
-10675
-158447
104947
730419
1639681
2733680
3897694
5010821
5956034
6627411
6938283
6826670
6261245
5246004
3816828
2038764
2917
-2182216
-4394242
-6508907
-8403980
-9970557
-11118947
-11787608
-11944367
-11588191
-10745576
-9472032
-7847868
-5974402
-3965157
-1936053
1610
1747947
3218320
4347647
5097558
5459439
5453364
5122706
4527223
3741951
2856336
1966030
1159493
508287
69679
-109291
-3855
373646
985238
1792036
2736948
3720525
4657522
5495874
6105672
6464863
6496490
6184050
5517126
4514817
3217592
1686820
-267
-1755077
-3483858
-5092848
-6494904
-7615290
-8396390
-8801662
-8817113
-8452469
-7740611
-6733984
-5501625
-4124651
-2690184
-1285880
6652
1116784
1988906
2586863
2895574
2921713
2693193
2255892
1671632
1011930
353711
-227581
-661123
-889272
-868034
-576705
-11006
806435
1835279
3015109
4270129
5516486
6663029
7620032
8306805
8652797
8605021
8133461
7230414
5912730
4223693
2229177
13334
-2323313
-4669923
-6914200
-8946012
-10662622
-11977467
-12823061
-13154449
-12952800
-12224284
-11001427
-9340430
-7315153
-5018962
-2554414
-33045
2434412
4739406
6783196
8480178
9764056
10589664
10937521
10813933
10252326
9309719
8061369
6594693
5000390
3364014
1757685
234163
-1172996
-2446709
-3579310
-4561641
-5373374
-5975356
-6308936
-6305626
-5905327
-5082600
-3874882
-2403850
-882473
402102
1132043
1027694
-71732
-2131518
-4874705
7123717